83
86
77
65
93
85
86
92
100
71
62
77
90
59
63
76
90
76
72
86
61
68
67
79
82
80
62
73
67
85
100
52
72
58
69
67
93
56
61
92
79
73
71
69
84
87
98
74
65
70
63
76
91
80
56
73
62
70
96
81
55
75
84
77
86
55
96
79
63
57
74
95
82
95
64
67
84
64
93
50
87
58
76
78
88
84
53
51
54
99
82
60
76
68
89
62
76
86
94
89
95
70
84
78
67
51
97
52
67
92
52
56
51
80
86
91
65
89
94
69
90
79
81
67
97
71
81
75
59
77
67
56
97
53
86
65
56
83
69
74
78
71
82
79
53
69
70
68
58
65
90
99
96
73
68
95
96
51
71
55
79
88
64
78
91
50
93
50
84
64
74
64
87
56
93
91
77
65
59
86
82
51
87
78
75
57
74
71
58
95
79
87
85
93
68
78
93
61
78
79
76
54
93
63
63
88
56
90
54
68
78
88
69
67
67
96
74
93
70
83
90
99
72
75
94
90
55
89
54
86
69
82
92
64
97
57
55
54
98
61
72
78
99
93
96
68
90
72
61
60
55
51
61
80
78
55
70
86
94
76
72
65
58
66
82
58
74
87
62
74
50
86
52
99
79
50
68
71
73
81
81
80
83
94
60
63
99
81
99
96
59
73
63
68
90
95
76
66
84
90
90
84
76
92
86
57
95
56
79
68
87
62
98
72
59
59
86
60
92
87
56
51
63
72
71
55
69
99
71
54
89
61
90
67
55
78
77
50
84
58
70
74
72
69
96
81
80
84
92
72
72
50
75
85
72
99
90
92
98
63
98
90
74
90
59
81
69
86
82
55
94
54
79
69
73
76
50
55
60
92
79
84
93
55
71
67
54
63
61
54
76
59
94
52
52
56
84
71
92
68
78
89
72
58
58
98
86
58
53
98
53
83
83
98
90
54
67
96
68
79
50
96
88
97
99
90
53
83
63
97
53
92
86
75
52
96
75
88
57
79
86
60
64
71
60
54
78
77
50
98
56
52
94
97
99
93
89
52
78
53
50
81
97
88
59
51
85
84
89
92
65
77
54
79
99
64
85
79
93
85
77
50
88
71
99
89
67
88
92
95
93
94
79
90
82
90
91
69
76
82
61
92
60
67
73
61
81
59
90
75
96
67
77
84
90
76
74
57
64
68
55
58
62
86
50
96
76
94
66
52
78
79
96
90
97
70
51
80
81
93
57
77
62
86
64
55
62
90
62
79
60
69
89
74
55
91
70
83
87
88
88
66
70
84
56
67
56
60
99
87
55
59
67
68
95
83
73
58
73
87
89
83
57
78
57
64
71
79
50
59
68
88
75
88
74
83
57
81
93
58
70
99
67
89
69
63
72
94
73
97
81
62
82
90
92
91
57
65
71
57
74
91
97
51
81
71
87
90
54
80
98
75
81
66
66
52
81
89
96
54
88
80
68
71
70
62
62
79
77
85
86
54
76
83
57
59
57
94
99
61
77
50
86
60
68
55
63
99
94
61
55
84
91
75
55
64
89
68
93
68
55
82
72
82
67
80
93
74
76
93
86
53
93
74
64
63
79
77
62
75
88
69
60
82
94
67
96
85
87
91
53
93
73
78
75
91
60
68
67
86
63
55
90
58
80
54
71
61
83
85
89
73
54
51
55
50
68
53
85
56
95
89
99
70
67
76
63
77
96
81
65
60
86
55
70
68
61
92
82
96
79
71
70
84
72
77
84
90
83
72
98
80
63
97
50
80
73
64
59
72
97
74
82
85
82
54
54
93
98
86
90
78
59
62
62
83
91
98
73
74
72
72
54
85
71
57
65
97
71
76
69
68
51
53
53
83
57
59
78
56
97
70
84
58
84
98
91
76
98
65
52
71
89
59
56
60
66
74
59
89
50
78
59
53
81
64
88
89
76
67
97
73
87
81
82
72
81
75
50
79
90
54
50
81
63
57
94
81
81
53
70
83
82
81
87
65
96
75
54
72
92
51
97
82
84
81
56
65
57
58
95
99
62
97
83
76
54
77
59
87
82
82
71
66
63
60
82
61
85
86
85
80
90
83
64
76
66
70
92
75
78
89
75
90
86
60
68
93
87
78
82
71
60
55
88
75
65
70
87
53
58
72
83
50
57
97
77
76
69
71
51
99
60
78
89
98
88
60
93
77
90
76
99
52
81
87
77
99
57
66
52
67
91
85
68
98
84
95
76
55
66
78
54
78
58
93
78
97
55
72
74
95
50
75
97
83
62
77
82
71
